<?xml version="1.0" standalone="no"?>
<!DOCTYPE svg PUBLIC "-//W3C//DTD SVG 20010904//EN"
 "http://www.w3.org/TR/2001/REC-SVG-20010904/DTD/svg10.dtd">
<svg version="1.0" xmlns="http://www.w3.org/2000/svg"
 width="500.000000pt" height="500.000000pt" viewBox="0 0 500.000000 500.000000"
 preserveAspectRatio="xMidYMid meet">

<g transform="translate(0.000000,500.000000) scale(0.100000,-0.100000)"
fill="#000000" stroke="none">
<path d="M2505 3914 c-114 -16 -169 -27 -233 -46 l-74 -21 -442 -451 c-243
-248 -536 -548 -650 -666 l-207 -215 173 -5 173 -5 7 -98 c45 -635 506 -1174
1107 -1297 77 -16 106 -18 117 -10 7 7 17 9 23 6 15 -10 284 -14 332 -5 24 4
64 13 89 19 25 6 56 13 69 15 65 10 161 48 162 64 0 9 3 11 5 4 6 -14 32 -6
58 19 11 10 30 18 43 18 13 0 32 9 43 20 11 11 20 17 20 14 0 -9 90 45 145 88
66 50 98 80 111 104 6 10 20 23 32 29 12 5 22 16 22 23 0 7 5 10 11 7 6 -4 13
2 16 14 3 12 12 21 19 21 8 0 14 6 14 14 0 7 7 19 15 26 11 9 12 16 5 25 -7 8
-7 15 -2 19 6 3 13 -2 17 -12 6 -15 8 -15 26 7 14 18 17 27 8 37 -20 24 -6 49
26 49 22 0 30 4 29 17 -1 10 3 16 8 15 13 -3 50 92 49 126 -1 21 3 27 19 27
14 0 20 7 20 21 0 11 4 18 9 15 13 -9 23 26 11 38 -5 5 -10 21 -9 35 l1 26 12
-29 13 -28 16 41 c21 51 21 57 2 41 -12 -10 -19 -10 -27 -2 -8 8 -4 13 16 18
16 4 26 13 26 25 0 10 5 19 11 19 5 0 8 4 5 9 -4 5 5 32 19 59 14 28 30 74 35
104 18 92 21 277 8 378 l-13 95 -55 6 c-70 7 -97 19 -137 61 -81 84 -83 209
-6 290 l25 27 -32 56 c-195 342 -564 602 -962 680 -81 16 -312 28 -373 19z
m309 -619 c289 -60 533 -290 612 -580 18 -66 30 -273 20 -329 l-7 -36 -630 0
-630 0 6 -22 c26 -85 108 -189 196 -247 157 -105 387 -110 542 -11 26 16 52
30 57 30 12 0 214 -189 217 -204 4 -15 -108 -97 -183 -135 -81 -40 -190 -68
-300 -76 -411 -32 -786 248 -868 648 -91 439 203 879 645 966 72 14 244 12
323 -4z m1096 -1169 c0 -2 -7 -7 -16 -10 -8 -3 -12 -2 -9 4 6 10 25 14 25 6z
m-40 -34 c0 -13 -12 -22 -22 -16 -10 6 -1 24 13 24 5 0 9 -4 9 -8z m-40 -43
c0 -11 -7 -19 -16 -19 -13 0 -14 3 -4 15 6 8 8 20 4 26 -4 8 -3 9 4 5 7 -4 12
-16 12 -27z m-111 -62 c-2 -2 -11 -8 -20 -15 -12 -9 -16 -9 -16 1 0 7 9 14 20
14 11 1 18 1 16 0z m-133 -109 c4 -6 3 -8 -4 -4 -6 3 -13 2 -17 -4 -8 -13 -25
-13 -25 -1 0 5 8 12 18 14 9 3 18 5 19 6 1 0 5 -4 9 -11z m250 -36 c-15 -15
-15 -15 -4 10 7 15 15 23 17 17 2 -6 -4 -18 -13 -27z m-286 -2 c0 -5 -2 -10
-4 -10 -3 0 -8 5 -11 10 -3 6 -1 10 4 10 6 0 11 -4 11 -10z m-62 -26 c-1 -5
-9 -9 -16 -10 -10 -2 -11 1 -1 12 12 14 24 13 17 -2z m-52 -29 c-10 -7 -16
-18 -12 -23 3 -5 -1 -9 -9 -9 -22 0 -18 14 7 31 28 20 40 21 14 1z m347 -20
c-17 -23 -33 -32 -33 -19 0 5 41 43 48 44 2 0 -5 -11 -15 -25z m-373 -35 c0
-5 -7 -7 -15 -4 -8 4 -15 8 -15 10 0 2 7 4 15 4 8 0 15 -4 15 -10z m-105 -60
c-3 -4 -14 -10 -25 -13 -16 -4 -19 -2 -11 7 11 13 43 18 36 6z m-28 -62 c-3
-7 -5 -2 -5 12 0 14 2 19 5 13 2 -7 2 -19 0 -25z m409 -4 c-4 -9 -9 -15 -11
-12 -3 3 -3 13 1 22 4 9 9 15 11 12 3 -3 3 -13 -1 -22z m-536 -34 c0 -5 -7 -7
-15 -4 -8 4 -15 8 -15 10 0 2 7 4 15 4 8 0 15 -4 15 -10z m-40 -19 c0 -22 -13
-41 -29 -41 -14 1 -14 2 1 11 10 5 15 16 12 24 -4 8 -1 15 5 15 6 0 11 -4 11
-9z m518 -3 c-6 -18 -28 -21 -28 -4 0 9 7 16 16 16 9 0 14 -5 12 -12z m-588
-52 c0 -2 -7 -7 -16 -10 -8 -3 -12 -2 -9 4 6 10 25 14 25 6z m233 -23 c-7 -2
-19 -2 -25 0 -7 3 -2 5 12 5 14 0 19 -2 13 -5z m-299 -21 c2 -4 -5 -9 -17 -9
-17 -2 -19 0 -7 7 18 12 18 12 24 2z m379 1 c-7 -2 -19 -2 -25 0 -7 3 -2 5 12
5 14 0 19 -2 13 -5z m137 -53 c0 -5 -4 -10 -9 -10 -6 0 -13 5 -16 10 -3 6 1
10 9 10 9 0 16 -4 16 -10z m-642 -37 c-9 -10 -18 -25 -21 -33 -4 -10 -6 -8 -6
7 -1 12 7 27 17 32 25 15 27 13 10 -6z m12 -17 c0 -3 -4 -8 -10 -11 -5 -3 -10
-1 -10 4 0 6 5 11 10 11 6 0 10 -2 10 -4z m469 -42 c-46 -23 -61 -24 -37 -2
25 23 53 35 67 30 9 -3 -3 -14 -30 -28z m-62 20 c-3 -3 -12 -4 -19 -1 -8 3 -5
6 6 6 11 1 17 -2 13 -5z m-420 -66 c-3 -7 -5 -2 -5 12 0 14 2 19 5 13 2 -7 2
-19 0 -25z m393 22 c0 -5 -9 -10 -20 -10 -11 0 -20 5 -20 10 0 6 9 10 20 10
11 0 20 -4 20 -10z m-516 -25 c-4 -8 -8 -15 -10 -15 -2 0 -4 7 -4 15 0 8 4 15
10 15 5 0 7 -7 4 -15z m-74 -45 c-8 -5 -22 -9 -30 -9 -10 0 -8 3 5 9 27 12 43
12 25 0z m440 -30 c0 -5 -6 -10 -14 -10 -8 0 -18 5 -21 10 -3 6 3 10 14 10 12
0 21 -4 21 -10z m-224 -57 c-3 -3 -17 -3 -31 1 -26 7 -34 31 -13 38 13 5 53
-31 44 -39z m141 41 c-3 -3 -12 -4 -19 -1 -8 3 -5 6 6 6 11 1 17 -2 13 -5z
m-440 -31 c-3 -3 -11 -2 -17 2 -9 6 -9 10 1 16 14 8 27 -7 16 -18z m358 17 c3
-6 -4 -10 -17 -10 -18 0 -20 2 -8 10 19 12 18 12 25 0z"/>
<path d="M2521 2974 c-80 -21 -149 -62 -212 -125 -53 -52 -119 -159 -119 -194
0 -13 54 -15 461 -15 l460 0 -6 23 c-43 140 -198 282 -346 316 -62 15 -175 12
-238 -5z"/>
<path d="M3766 1701 c-4 -7 -5 -15 -2 -18 9 -9 19 4 14 18 -4 11 -6 11 -12 0z"/>
</g>
</svg>
